pos_scale_x: 0.004484945603222609
pos_scale_y: 0.0060875287156944005
pos_scale_z: 0.0008268968839759705
rot_scale_p: 7.350129804682083e-05
rot_scale_r: 0.0004427728498422036
rot_scale_y: 0.006888999071817232
