pos_scale_x: 0.0019831409023504574
pos_scale_y: 0.0017474184130540577
pos_scale_z: 0.002833082346918605
rot_scale_p: 0.0008193641337310092
rot_scale_r: 0.000622154696550059
rot_scale_y: 0.007715858003082848
